0, 0, 0, 0,
0, 0, 0, 0,
0, 1,
100, 0, 255, 255,
100, 0, 255, 255,
200, 10,
100, 0, 255, 255,
0, 0, 255, 255,
520, 10,
0, 0, 255, 255,
0, 0, 255, 255,
280, 10,
100, 0, 255, 255,
100, 0, 255, 255,
200, 10,
100, 0, 255, 255,
0, 0, 255, 255,
520, 10,
0, 0, 255, 255,
0, 0, 255, 255,
280, 10,
100, 0, 255, 255,
100, 0, 255, 255,
200, 10,
100, 0, 255, 255,
0, 0, 255, 255,
520, 10,
0, 0, 255, 255,
0, 0, 255, 255,
280, 10,
100, 255, 0, 0,
100, 255, 0, 0,
90, 10,
100, 255, 0, 0,
0, 255, 0, 0,
90, 10,
0, 255, 0, 0,
0, 255, 0, 0,
70, 10,
100, 255, 0, 0,
100, 255, 0, 0,
90, 10,
100, 255, 0, 0,
0, 255, 0, 0,
90, 10,
0, 255, 0, 0,
0, 255, 0, 0,
70, 10,
100, 255, 0, 0,
100, 255, 0, 0,
90, 10,
100, 255, 0, 0,
0, 255, 0, 0,
90, 10,
0, 255, 0, 0,
0, 255, 0, 0,
70, 10,
100, 255, 0, 0,
100, 255, 0, 0,
90, 10,
100, 255, 0, 0,
0, 255, 0, 0,
90, 10,
0, 255, 0, 0,
0, 255, 0, 0,
70, 10,
100, 255, 0, 0,
100, 255, 0, 0,
90, 10,
100, 255, 0, 0,
0, 255, 0, 0,
90, 10,
0, 255, 0, 0,
0, 255, 0, 0,
70, 10,
100, 255, 0, 0,
100, 255, 0, 0,
90, 10,
100, 255, 0, 0,
0, 255, 0, 0,
90, 10,
0, 255, 0, 0,
0, 255, 0, 0,
70, 10,
100, 255, 0, 0,
100, 255, 0, 0,
90, 10,
100, 255, 0, 0,
0, 255, 0, 0,
90, 10,
0, 255, 0, 0,
0, 255, 0, 0,
70, 10,
100, 255, 0, 0,
100, 255, 0, 0,
90, 10,
100, 255, 0, 0,
0, 255, 0, 0,
90, 10,
0, 255, 0, 0,
0, 255, 0, 0,
70, 10,