0, 0, 0, 0,
0, 0, 0, 0,
0, 0,
0, 255, 0, 0,
87, 255, 0, 0,
80, 10,
87, 255, 0, 0,
100, 255, 0, 0,
80, 10,
100, 255, 0, 0,
99, 255, 0, 0,
80, 10,
99, 255, 0, 0,
95, 255, 0, 0,
80, 10,
95, 255, 0, 0,
88, 255, 32, 0,
80, 10,
88, 255, 32, 0,
74, 255, 64, 0,
80, 10,
74, 255, 64, 0,
45, 255, 96, 0,
80, 10,
45, 255, 96, 0,
0, 255, 127, 0,
80, 10,
0, 255, 127, 0,
87, 255, 127, 0,
80, 10,
87, 255, 127, 0,
100, 255, 127, 0,
80, 10,
100, 255, 127, 0,
99, 255, 127, 0,
80, 10,
99, 255, 127, 0,
95, 255, 127, 0,
80, 10,
95, 255, 127, 0,
88, 255, 96, 0,
80, 10,
88, 255, 96, 0,
74, 255, 64, 0,
80, 10,
74, 255, 64, 0,
45, 255, 32, 0,
80, 10,
45, 255, 32, 0,
45, 255, 0, 0,
80, 10,